 Integrating f(x)=1/(1+x^2) using trapezoidal rule


 f(x) values 

f(0.000000)=1.000000

f(0.500000)=0.800000

f(1.000000)=0.500000

f(1.500000)=0.307692

f(2.000000)=0.200000

f(2.500000)=0.137931

f(3.000000)=0.100000

 Final integration value is 1.247082